aL: -2.74081632653
aR: -2.74081632653
bL: 0.801873682274
bR: 0.807646304422
deadbandL: 0.1475
deadbandR: 0.1475
gps_mode: True 

performance_car: 0.8602
